#
#"rx"	"Average Phase (ry=20)"
#----------------------------
20.000000000000	-45.887217365988
30.000000000000	-46.684938390911
40.000000000000	-47.503325428796
50.000000000000	-48.264562298869
60.000000000000	-49.059859431298
70.000000000000	-49.834651550415
80.000000000000	-50.641845248609
90.000000000000	-51.437351750277
100.00000000000	-52.174789604565
110.00000000000	-52.974724519023
120.00000000000	-53.736480170411
130.00000000000	-54.497971221974
140.00000000000	-55.385270244702
150.00000000000	-56.063182674051
160.00000000000	-56.824027392029
170.00000000000	-57.664798238871
180.00000000000	-58.424592250718
190.00000000000	-59.162005555897
200.00000000000	-59.834459554092
#
#"rx"	"Average Phase (ry=30)"
#----------------------------
20.000000000000	-47.631901831532
30.000000000000	-49.102431876030
40.000000000000	-50.457624782765
50.000000000000	-51.839768664128
60.000000000000	-53.209152762779
70.000000000000	-54.575460742874
80.000000000000	-55.996425073153
90.000000000000	-57.376112490741
100.00000000000	-58.700650133403
110.00000000000	-60.055119874001
120.00000000000	-61.366036771938
130.00000000000	-62.664301412331
140.00000000000	-63.963897078699
150.00000000000	-65.244199497138
160.00000000000	-66.521640664320
170.00000000000	-67.765710787007
180.00000000000	-69.038566012202
190.00000000000	-70.286290655351
200.00000000000	-71.479640689845
#
#"rx"	"Average Phase (ry=40)"
#----------------------------
20.000000000000	-49.809835854049
30.000000000000	-52.094934380504
40.000000000000	-54.289216247310
50.000000000000	-56.469098047625
60.000000000000	-58.687329387054
70.000000000000	-60.840056329037
80.000000000000	-62.874305893095
90.000000000000	-64.905898971288
100.00000000000	-66.984699389372
110.00000000000	-69.046192845940
120.00000000000	-71.092794006675
130.00000000000	-73.124504261700
140.00000000000	-75.173846539903
150.00000000000	-77.279459482923
160.00000000000	-79.165487628876
170.00000000000	-81.054062958724
180.00000000000	-83.047564822914
190.00000000000	-84.933479910589
200.00000000000	-86.740422842603
#
#"rx"	"Average Phase (ry=50)"
#----------------------------
20.000000000000	-52.272826258264
30.000000000000	-55.657387959510
40.000000000000	-58.943295503997
50.000000000000	-62.293913786816
60.000000000000	-65.473729134864
70.000000000000	-68.543500607255
80.000000000000	-71.715257724941
90.000000000000	-74.834236387573
100.00000000000	-77.960282866648
110.00000000000	-81.067781334542
120.00000000000	-84.191188096473
130.00000000000	-87.310934484092
140.00000000000	-90.135398818867
150.00000000000	-93.039126292451
160.00000000000	-96.019764248342
170.00000000000	-98.918981945839
180.00000000000	-101.79577821048
190.00000000000	-104.72844153556
200.00000000000	-107.45078683220
#
#"rx"	"Average Phase (ry=60)"
#----------------------------
20.000000000000	-55.060624882982
30.000000000000	-59.834125092798
40.000000000000	-64.599073345823
50.000000000000	-69.293757371821
60.000000000000	-73.804228643446
70.000000000000	-78.451296748190
80.000000000000	-82.982913237211
90.000000000000	-87.586433650096
100.00000000000	-92.229250008632
110.00000000000	-97.081138402160
120.00000000000	-101.35186994925
130.00000000000	-105.52231007948
140.00000000000	-110.01648022082
150.00000000000	-114.34177896999
160.00000000000	-118.98735575247
170.00000000000	-123.07544142259
180.00000000000	-127.84377448492
190.00000000000	-132.35190580914
200.00000000000	-137.28361863017
#
#"rx"	"Average Phase (ry=70)"
#----------------------------
20.000000000000	-58.149366845567
30.000000000000	-64.578535762562
40.000000000000	-71.165867907714
50.000000000000	-77.531030579489
60.000000000000	-83.968736090121
70.000000000000	-90.574067975959
80.000000000000	-97.163025733292
90.000000000000	-103.97751821981
100.00000000000	-110.68778799633
110.00000000000	-117.52832030657
120.00000000000	-123.35598391797
130.00000000000	-130.29906983368
140.00000000000	-137.77807485324
150.00000000000	-145.01693178678
160.00000000000	-155.92851518313
180.00000000000	141.59974762441
190.00000000000	-112.77448453574
200.00000000000	-136.36224318765
#
#"rx"	"Average Phase (ry=80)"
#----------------------------
20.000000000000	-61.430928509762
30.000000000000	-69.869219609507
40.000000000000	-78.568488655231
50.000000000000	-87.276175890237
60.000000000000	-96.381142342540
70.000000000000	-105.46164168178
80.000000000000	-114.91751489614
90.000000000000	-124.34354903310
100.00000000000	-135.99721162436
110.00000000000	-145.80675954341
120.00000000000	-163.57356239248
130.00000000000	-85.393691648277
140.00000000000	-145.29951658799
150.00000000000	-157.87227235025
160.00000000000	-166.40571949527
170.00000000000	-174.39668190390
180.00000000000	178.99989719890
190.00000000000	172.47308630770
200.00000000000	166.58799814675
#
#"rx"	"Average Phase (ry=90)"
#----------------------------
20.000000000000	-64.934744123703
30.000000000000	-75.614582419549
40.000000000000	-86.844204811413
50.000000000000	-98.637555566367
60.000000000000	-110.74736354740
70.000000000000	-123.28960791997
80.000000000000	-137.15669154751
90.000000000000	-159.38749289237
100.00000000000	-136.41517384345
110.00000000000	-158.57431045754
120.00000000000	-171.23035600876
130.00000000000	178.86119850111
140.00000000000	169.60878149800
150.00000000000	160.37957908828
160.00000000000	151.60298929326
170.00000000000	142.98644340232
180.00000000000	133.48909207334
190.00000000000	121.27667604232
200.00000000000	97.235244450071
#
#"rx"	"Average Phase (ry=100)"
#-----------------------------
20.000000000000	-68.597808359789
30.000000000000	-81.984189220383
40.000000000000	-96.057893500525
50.000000000000	-111.39284878177
60.000000000000	-127.48590950055
70.000000000000	-149.60470330960
80.000000000000	-144.48781086631
90.000000000000	-166.19280789657
100.00000000000	-179.65262631013
110.00000000000	167.45000265427
120.00000000000	155.10979387586
130.00000000000	142.21544750632
140.00000000000	121.62201713697
150.00000000000	156.79216886806
160.00000000000	131.12290266663
170.00000000000	119.52631050116
180.00000000000	110.83496929952
190.00000000000	100.96425234133
200.00000000000	97.933553230540
#
#"rx"	"Average Phase (ry=110)"
#-----------------------------
20.000000000000	-72.385391734673
30.000000000000	-88.605526350801
40.000000000000	-105.91905037856
50.000000000000	-125.26331052293
60.000000000000	-159.73113977685
70.000000000000	-155.30613785498
80.000000000000	-175.28812677110
90.000000000000	166.90715084140
100.00000000000	151.26988789388
110.00000000000	123.66327489319
120.00000000000	135.47845749543
130.00000000000	121.05142275892
140.00000000000	109.64393803947
150.00000000000	100.01042209746
160.00000000000	91.620196856123
170.00000000000	82.842739708045
180.00000000000	89.263924489628
190.00000000000	70.390891938471
200.00000000000	62.985658640707
#
#"rx"	"Average Phase (ry=120)"
#-----------------------------
20.000000000000	-76.313496733154
30.000000000000	-95.429220955673
40.000000000000	-116.35631854990
50.000000000000	-145.02812542244
60.000000000000	-154.59556799179
70.000000000000	-177.93051256236
80.000000000000	161.00105147666
90.000000000000	134.84529005711
100.00000000000	132.32817130653
110.00000000000	116.44548450844
120.00000000000	103.18237880561
130.00000000000	91.379927932140
140.00000000000	81.626853867089
150.00000000000	72.189213841038
160.00000000000	62.837732880364
170.00000000000	76.850799825552
180.00000000000	50.737915289165
190.00000000000	42.615557942471
200.00000000000	35.287683444790
#
#"rx"	"Average Phase (ry=130)"
#-----------------------------
20.000000000000	-80.259453271821
30.000000000000	-102.40449007558
40.000000000000	-127.45902567826
50.000000000000	-144.69758486516
60.000000000000	-173.22168691819
70.000000000000	162.74011322619
80.000000000000	155.42828018944
90.000000000000	124.70885167464
100.00000000000	107.75251606805
110.00000000000	92.459771230788
120.00000000000	79.399097707281
130.00000000000	68.272374136036
140.00000000000	58.465699397521
150.00000000000	48.740097789575
160.00000000000	32.046415923169
170.00000000000	36.565502566382
180.00000000000	27.217791867526
190.00000000000	18.126017223132
200.00000000000	10.518173603730
#
#"rx"	"Average Phase (ry=140)"
#-----------------------------
20.000000000000	-84.249092417843
30.000000000000	-109.51246473514
40.000000000000	-144.71428767413
50.000000000000	-161.15266593993
60.000000000000	170.90860800908
70.000000000000	110.86597582366
80.000000000000	125.11338428050
90.000000000000	104.74867364866
100.00000000000	87.257850617891
110.00000000000	72.634780938033
120.00000000000	60.168764177093
130.00000000000	49.348071110442
140.00000000000	38.863546598974
150.00000000000	27.173017278203
160.00000000000	29.267589753599
170.00000000000	15.317076938007
180.00000000000	4.5898836280363
190.00000000000	-3.3092701304669
200.00000000000	-18.549770368481
#
#"rx"	"Average Phase (ry=150)"
#-----------------------------
20.000000000000	-88.275584770153
30.000000000000	-116.22921347626
40.000000000000	-139.79961225082
50.000000000000	-174.08954460078
60.000000000000	156.31375723822
70.000000000000	132.13038937898
80.000000000000	108.40710567282
90.000000000000	87.537450734795
100.00000000000	70.270397846001
110.00000000000	56.034050234629
120.00000000000	43.968075082736
130.00000000000	32.906437664513
140.00000000000	21.621707019783
150.00000000000	-17.171586764960
160.00000000000	7.9299075748198
170.00000000000	-5.8948417899347
180.00000000000	-7.0314542696118
190.00000000000	69.632427943577
200.00000000000	18.055824231806
#
#"rx"	"Average Phase (ry=160)"
#-----------------------------
20.000000000000	-92.343541257078
30.000000000000	-123.88636053598
40.000000000000	-152.24035656315
50.000000000000	174.25078441657
60.000000000000	147.28050527444
70.000000000000	117.91781018554
80.000000000000	93.509513384534
90.000000000000	72.332031310258
100.00000000000	56.185147460843
110.00000000000	41.828413336246
120.00000000000	29.582738584385
130.00000000000	17.917680792746
140.00000000000	4.2052942646420
150.00000000000	9.2087361611264
160.00000000000	-23.219094340499
170.00000000000	3.1383497766661
180.00000000000	1.3229221267090
190.00000000000	-10.640524413020
200.00000000000	-19.000805336058
#
#"rx"	"Average Phase (ry=170)"
#-----------------------------
20.000000000000	-96.488105704204
30.000000000000	-131.29403557344
40.000000000000	-162.45904553670
50.000000000000	163.39101134587
60.000000000000	133.35190374801
70.000000000000	104.69470054475
80.000000000000	79.432494329617
90.000000000000	59.893353843959
100.00000000000	42.182148085081
110.00000000000	28.762613534137
120.00000000000	15.483694524475
130.00000000000	3.4939856050214
140.00000000000	11.035900455960
150.00000000000	0.12288916947398
160.00000000000	-14.639537414003
170.00000000000	-75.221441955107
180.00000000000	-19.279404180077
190.00000000000	-28.058208654172
200.00000000000	-35.009512303038
#
#"rx"	"Average Phase (ry=180)"
#-----------------------------
20.000000000000	-100.75573643479
30.000000000000	-139.52146850984
40.000000000000	-171.76667474589
50.000000000000	152.44191356762
60.000000000000	120.83794357370
70.000000000000	92.847968471544
80.000000000000	67.651369074364
90.000000000000	47.074523694722
100.00000000000	30.368149356341
110.00000000000	15.527196170643
120.00000000000	-5.8052399015591
130.00000000000	-5.6621220315178
140.00000000000	-28.524372779020
150.00000000000	-19.396729982713
160.00000000000	-33.341343301434
170.00000000000	-7.3848376010930
180.00000000000	-32.061685664910
190.00000000000	-40.877184462177
200.00000000000	-48.721171213051
#
#"rx"	"Average Phase (ry=190)"
#-----------------------------
20.000000000000	-105.29791878820
30.000000000000	-154.36298967142
40.000000000000	178.75538941207
50.000000000000	147.75230524969
60.000000000000	109.84072568573
70.000000000000	81.414914312430
80.000000000000	54.853955298031
90.000000000000	34.583545798363
100.00000000000	16.350423678051
110.00000000000	5.4514776818548
120.00000000000	-7.2508770128637
130.00000000000	-19.925535528164
140.00000000000	-8.2458776790485
150.00000000000	-32.849536997080
160.00000000000	-53.905253998085
170.00000000000	-26.587342449538
180.00000000000	-43.733009660220
190.00000000000	-52.638117309454
200.00000000000	-62.215104529879
#
#"rx"	"Average Phase (ry=200)"
#-----------------------------
20.000000000000	-110.55354779903
30.000000000000	-148.34567262831
40.000000000000	167.87379368643
50.000000000000	130.44840054286
60.000000000000	96.582617909706
70.000000000000	67.061998832083
80.000000000000	41.453075216222
90.000000000000	19.459306589769
100.00000000000	7.7796168815649
110.00000000000	-5.8471130459465
120.00000000000	-18.335820078902
130.00000000000	-38.533689373464
140.00000000000	-30.299232227690
150.00000000000	-46.629799699182
160.00000000000	-96.090939590660
170.00000000000	-40.083479078824
180.00000000000	-55.132138114494
190.00000000000	-66.349314499707
200.00000000000	-66.405161470165
